0	1073	1	0.006407
0	1390	1	0.01168
1	748	1	0.004123
1	1059	1	0.004864
2	599	1	0.005827
2	1519	1	0.003706
3	1791	1	0.002557
3	1955	1	0.004656
4	940	1	0.00245
4	1943	1	0.00977
5	391	0.5	0.0089
5	1778	1	0.012435
5	1948	0.5	0.00987
6	1365	1	0.014944
6	1594	1	0.014035
7	1111	1	0.000814
7	1969	1	0.009242
8	214	1	0.005018
8	777	1	0.004163
9	382	1	0.007321
9	383	1	0.006779
10	663	0.5	0.014756
10	810	0.5	0.007681
10	899	1	0.006149
11	1503	1	0.003884
11	1987	1	0.011477
12	341	1	0.001034
12	1402	1	0.003622
13	76	1	0.004879
13	1041	0.5	0.009869
13	1412	0.5	0.015824
14	973	1	0.010224
14	1304	1	0.00936
15	1389	1	0.006279
15	1933	1	0.001561
16	1584	1	0.006905
16	1823	1	0.00972
17	1188	1	0.001561
17	1931	1	0.006146
18	244	1	0.001487
18	1456	1	0.005449
19	1387	1	0.002204
19	1952	1	0.00853
20	184	1	0.001727
20	701	1	0.004782
21	481	1	0.003029
21	822	1	0.010358
22	471	0.5	0.011662
22	985	1	0.003765
22	1444	0.5	0.009088
23	296	1	0.00631
23	1150	1	0.00866
24	531	1	0.003423
24	1391	1	0.004425
25	622	1	0.010623
25	1935	1	0.009293
26	518	0.5	0.002999
26	1167	1	0.000818
26	1919	0.5	0.005634
27	740	1	0.008084
27	1052	1	0.005032
28	370	1	0.00988
28	1864	1	0.002396
29	334	1	0.005735
29	1443	1	0.003229
30	349	0.5	0.021604
30	951	0.5	0.015127
30	1300	1	0.006386
31	687	1	0.011018
31	1105	1	0.002607
32	432	0.5	0.009715
32	647	0.5	0.010973
32	1532	1	0.006593
33	1005	1	0.007475
33	1493	1	0.005453
34	223	1	0.003751
34	1744	1	0.005869
35	1379	1	0.016544
35	1957	1	0.009169
36	1398	1	0.003266
36	1994	1	0.003032
37	1191	1	0.00859
37	1233	1	0.00839
38	150	1	0.008932
38	1286	1	0.003805
39	595	1	0.006759
39	1832	1	0.007023
40	670	1	0.013243
40	1480	1	0.007603
41	303	1	0.00441
41	1924	1	0.010193
42	342	1	0.008953
42	1133	1	0.016106
43	1001	1	0.007165
43	1293	1	0.000611
44	492	1	0.007958
44	1204	1	0.003395
45	820	1	0.0105
45	821	1	0.009412
46	1588	1	0.007517
46	1834	1	0.003537
47	324	1	0.004259
47	699	1	0.005123
48	246	0.5	0.00613
48	1376	0.5	0.012756
48	1670	1	0.008396
49	1035	1	0.005417
49	1976	1	0.012422
50	814	1	0.006557
50	1392	1	0.017122
51	531	1	0.004093
51	683	1	0.006093
52	912	1	0.006429
52	1858	1	0.001726
53	937	1	0.003142
53	1311	1	0.007127
54	1791	1	0.002874
54	1941	1	0.010087
55	425	0.5	0.005253
55	1135	0.5	0.012252
55	1256	1	0.001192
56	247	1	0.00669
56	1749	1	0.002128
57	748	1	0.004233
57	1701	1	0.005196
58	1407	1	0.00386
58	1577	1	0.009449
59	966	0.5	0.011734
59	1224	1	0.011053
59	1607	0.5	0.011204
60	1777	1	0.004243
60	1960	1	0.005252
61	765	0.5	0.014193
61	958	0.5	0.017418
61	990	1	0.018917
62	240	1	0.012321
62	453	1	0.01301
63	727	0.5	0.005337
63	1735	0.5	0.005384
63	1988	1	0.003976
64	89	1	0.002091
64	379	1	0.001998
65	709	1	0.00269
65	1245	1	0.002717
66	325	1	0.009456
66	889	1	0.004236
67	394	1	0.001776
67	830	1	0.009846
68	745	1	0.00443
68	1574	1	0.0068
69	461	1	0.005619
69	1193	0.5	0.005363
69	1511	0.5	0.006981
70	1724	1	0.001908
70	1734	1	0.003831
71	1236	1	0.004786
71	1554	1	0.006395
72	1839	1	0.007603
72	1842	1	0.017204
73	1092	1	0.004618
73	1675	1	0.012196
74	860	1	0.015122
74	1605	1	0.011021
75	1178	1	0.007908
75	1760	1	0.006131
76	1148	1	0.008684
77	719	0.5	0.013723
77	849	1	0.011726
77	1675	0.5	0.016332
78	813	1	0.009475
78	1596	1	0.010768
79	705	0.5	0.006118
79	1514	1	0.004511
79	1729	0.5	0.005888
80	194	1	0.003513
80	463	1	0.004734
81	266	1	0.001931
81	1077	1	0.007234
82	723	1	0.005586
82	1601	1	0.011091
83	1440	1	0.00574
83	1583	0.5	0.004151
83	1702	0.5	0.00676
84	618	1	0.01242
84	1610	1	0.0066
85	305	1	0.009718
85	994	1	0.001091
86	997	1	0.011473
86	1746	1	0.000828
87	1805	1	0.00289
87	1891	1	0.006885
88	726	1	0.007646
88	903	1	0.003804
89	917	1	0.007753
90	195	1	0.004672
90	314	0.5	0.007336
90	919	0.5	0.004033
91	1650	1	0.00125
91	1708	1	0.002418
92	1144	1	0.000643
92	1697	1	0.007472
93	462	1	0.009297
93	895	1	0.007815
94	920	1	0.006912
94	1030	1	0.006032
95	1475	1	0.008884
95	1801	1	0.003513
96	428	1	0.006429
96	1541	1	0.005489
97	142	0.5	0.003881
97	1238	1	0.002604
97	1340	0.5	0.006757
98	1112	1	0.005125
98	1863	1	0.005046
99	878	1	0.004196
99	1907	1	0.001095
100	252	1	0.009115
100	761	0.5	0.005403
100	1866	0.5	0.009583
101	1051	1	0.006864
101	1083	1	0.004375
102	1050	0.5	0.007968
102	1672	0.5	0.006324
102	1758	1	0.004192
103	1310	0.5	0.001993
103	1494	0.5	0.00132
103	1798	1	0.001011
104	501	1	0.005505
104	978	1	0.002756
105	1160	0.5	0.011051
105	1371	0.5	0.009189
105	1985	1	0.006842
106	975	1	0.00447
106	1736	1	0.007932
107	562	1	0.007365
107	1562	1	0.005479
108	208	0.5	0.015123
108	824	0.5	0.007975
108	1841	1	0.004928
109	832	1	0.009169
109	1066	1	0.00651
110	808	1	0.0041
110	1367	1	0.004943
111	200	1	0.003798
111	360	1	0.006451
112	692	1	0.005839
112	827	1	0.004201
113	1119	1	0.007096
113	1933	1	0.009334
114	1448	1	0.0071
114	1651	1	0.012405
115	711	1	0.012356
115	1457	1	0.011557
116	781	1	0.006053
116	1465	1	0.004742
117	517	0.5	0.010264
117	652	0.5	0.01066
117	1905	1	0.002218
118	364	1	0.004949
118	1327	1	0.0083
119	1433	1	0.008026
119	1819	1	0.005104
120	651	1	0.015744
120	1511	1	0.010233
121	1113	1	0.004434
121	1396	1	0.00266
122	418	1	0.007143
122	1162	1	0.009359
123	481	1	0.011011
123	560	1	0.006701
124	190	1	0.010921
124	959	1	0.015056
125	1284	0.5	0.007948
125	1355	0.5	0.009768
125	1386	1	0.006538
126	674	1	0.011688
126	1074	1	0.001651
127	967	1	0.003272
127	1692	1	0.007253
128	743	1	0.002543
128	795	1	0.00723
129	241	1	0.004292
129	259	1	0.008032
130	348	1	0.005263
130	500	1	0.006843
131	540	1	0.010011
131	1369	1	0.006541
132	165	1	0.000978
132	790	1	0.008236
133	318	0.5	0.008511
133	367	1	0.001935
133	1743	0.5	0.008016
134	582	0.5	0.007068
134	1308	0.5	0.004584
134	1486	1	0.008937
135	936	1	0.009448
135	1646	1	0.001986
136	321	1	0.002194
136	1784	1	0.003456
137	529	1	0.010719
137	1434	1	0.007508
138	274	1	0.006631
138	528	1	0.013101
139	700	0.5	0.011972
139	806	1	0.001385
139	1470	0.5	0.008279
140	203	1	0.002411
140	1782	1	0.002423
141	858	1	0.008985
141	1016	1	0.007732
142	981	1	0.003378
142	1340	0.5	0.004228
143	422	0.5	0.00566
143	441	1	0.003287
143	1094	0.5	0.005723
144	631	1	0.006262
144	1747	1	0.001439
145	1260	1	0.006931
145	1346	1	0.008211
146	269	1	0.008183
146	1039	0.5	0.010636
146	1467	0.5	0.009305
147	219	1	0.011658
147	513	1	0.013121
148	723	1	0.00584
148	1345	1	0.001886
149	255	1	0.00592
149	330	0.5	0.006668
149	1597	0.5	0.007113
150	1286	1	0.006626
151	291	1	0.005033
151	386	1	0.001359
152	1128	1	0.002058
152	1745	1	0.002773
153	995	0.5	0.002857
153	1146	1	0.002576
153	1246	0.5	0.006727
154	198	1	0.006674
154	1409	0.5	0.007136
154	1714	0.5	0.006203
155	1356	1	0.011468
155	1663	1	0.001063
156	1026	0.5	0.002329
156	1077	0.5	0.006004
156	1849	1	0.003723
157	943	1	0.007373
157	1593	1	0.007659
158	668	1	0.005896
158	763	1	0.002091
159	358	1	0.005337
159	1337	1	0.005081
160	380	0.5	0.012604
160	1342	0.5	0.010841
160	1415	1	0.008049
161	1403	1	0.009437
161	1789	1	0.008547
162	350	1	0.004159
162	1698	1	0.003219
163	938	1	0.013231
163	1818	1	0.00669
164	281	1	0.007621
164	336	1	0.006112
165	1828	1	0.009024
166	419	1	0.010408
166	1498	0.5	0.003394
166	1974	0.5	0.005423
167	930	1	0.006834
167	1177	1	0.005383
168	1799	0.5	0.007981
168	1825	0.5	0.013686
168	1925	1	0.003018
169	387	1	0.003416
169	1301	1	0.003163
170	630	0.5	0.00721
170	1250	0.5	0.006191
170	1903	1	0.002208
171	917	1	0.007035
171	1169	1	0.00651
172	280	1	0.002284
172	1605	1	0.007708
173	177	1	0.014053
173	853	1	0.008865
174	221	1	0.006877
174	1424	1	0.002453
175	426	1	0.005793
175	1822	1	0.001822
176	313	1	0.001409
176	1556	1	0.009648
177	229	1	0.000911
178	1326	1	0.007531
178	1400	1	0.010249
179	1116	1	0.014048
179	1364	1	0.006779
180	457	1	0.002427
180	1975	1	0.005005
181	759	1	0.009326
181	1299	1	0.006819
182	1290	1	0.013683
182	1315	1	0.002795
183	279	1	0.002881
183	886	1	0.002398
184	717	1	0.003124
185	652	1	0.004278
185	672	0.5	0.00792
185	1409	0.5	0.00797
186	1035	1	0.006871
186	1679	1	0.007732
187	1883	1	0.00405
187	1984	1	0.006969
188	419	0.5	0.013931
188	655	1	0.004386
188	1453	0.5	0.007595
189	224	1	0.006559
189	1349	1	0.008255
190	570	1	0.008562
191	1543	1	0.007262
191	1655	1	0.012477
192	470	1	0.005449
192	1915	1	0.004828
193	1407	1	0.009888
193	1935	1	0.002455
194	778	1	0.004958
195	1877	1	0.007779
196	225	1	0.003645
196	295	1	0.002212
197	673	1	0.007788
197	1939	1	0.00765
198	1409	1	0.00185
199	803	1	0.006591
199	1363	1	0.005211
200	1211	1	0.005318
201	332	1	0.014331
201	1920	1	0.008419
202	491	1	0.006467
202	1338	1	0.005206
203	1812	1	0.002367
204	597	1	0.005541
204	1656	1	0.005507
205	928	1	0.002204
205	1875	1	0.007394
206	1419	1	0.005375
206	1548	1	0.008222
207	600	1	0.001969
207	1669	1	0.004111
208	824	0.5	0.016727
208	1573	1	0.016301
209	440	1	0.013208
209	968	1	0.016065
210	887	1	0.006627
210	1836	1	0.005891
211	274	1	0.009089
211	1053	1	0.002069
212	306	1	0.009475
212	1900	1	0.011705
213	973	1	0.004638
213	1304	1	0.013527
214	1845	1	0.005208
215	780	1	0.008322
215	1091	1	0.003151
216	1177	1	0.005715
216	1881	1	0.003155
217	292	1	0.007451
217	415	0.5	0.009123
217	804	0.5	0.013422
218	1272	1	0.005032
218	1400	1	0.00643
219	1343	1	0.013706
220	574	1	0.00197
220	1403	0.5	0.011195
220	1421	0.5	0.006987
221	1004	1	0.002609
222	872	1	0.009358
222	1218	1	0.004745
223	1744	1	0.006063
224	835	1	0.006152
225	676	1	0.003136
226	1464	1	0.003563
226	1565	0.5	0.001155
226	1696	0.5	0.001982
227	230	1	0.009951
227	368	1	0.01018
228	249	0.5	0.011609
228	507	1	0.003625
228	980	0.5	0.007596
229	578	1	0.012673
230	1549	1	0.007102
231	1250	1	0.009038
231	1807	1	0.009855
232	316	0.5	0.014116
232	1636	0.5	0.012554
232	1985	1	0.008709
233	512	1	0.003889
233	1258	1	0.002818
234	457	1	0.003041
234	1975	1	0.001561
235	365	1	0.021291
235	1835	1	0.019055
236	268	1	0.004501
236	845	1	0.006033
237	411	1	0.003077
237	520	1	0.007449
238	1468	1	0.011043
238	1910	1	0.007887
239	1992	1	0.005336
239	1997	1	0.007756
240	453	1	0.001536
241	259	1	0.00374
242	439	1	0.003754
242	1840	1	0.004571
243	1126	1	0.007115
243	1863	1	0.010064
244	576	0.5	0.008054
244	1707	0.5	0.008434
245	505	1	0.007103
245	1047	1	0.003394
246	1376	0.5	0.011369
246	1917	1	0.002355
247	734	1	0.007657
248	915	0.5	0.004105
248	1740	0.5	0.0068
248	1827	1	0.002908
249	980	0.5	0.009046
249	1524	1	0.005542
250	853	1	0.00745
250	873	1	0.007439
251	1229	1	0.015269
251	1281	1	0.008869
252	581	1	0.008783
253	523	1	0.006578
253	1363	1	0.0051
254	1037	1	0.004074
254	1329	1	0.005357
255	1379	1	0.013719
256	1430	1	0.00725
256	1865	1	0.008821
257	405	0.5	0.009784
257	721	0.5	0.011677
257	1853	1	0.006456
258	1444	1	0.00605
258	1801	1	0.003369
260	1006	1	0.006937
260	1860	1	0.003806
261	395	1	0.003869
261	1769	1	0.002533
262	635	1	0.006735
262	1892	1	0.008595
263	558	1	0.003469
263	1591	1	0.005833
264	550	1	0.003628
264	864	1	0.006142
265	1205	1	0.006504
265	1356	1	0.003608
266	1551	1	0.013802
267	929	1	0.004939
267	989	1	0.003476
268	623	1	0.00381
269	348	1	0.001388
270	1181	1	0.006936
270	1993	1	0.007032
271	492	1	0.007843
271	1571	1	0.006245
272	400	1	0.009848
272	974	1	0.004794
273	1528	1	0.002699
273	1854	1	0.008704
275	423	1	0.005444
275	1525	1	0.015014
276	572	1	0.004298
276	1220	1	0.014303
277	1132	1	0.015006
277	1288	1	0.018364
278	1120	1	0.008297
278	1461	1	0.008733
279	482	1	0.006121
280	1326	1	0.006067
281	1706	1	0.009168
282	945	1	0.008193
282	1330	1	0.009253
283	551	1	0.005917
283	1843	1	0.006332
284	1269	1	0.0086
284	1653	1	0.003808
285	490	1	0.003816
285	1196	1	0.006363
286	1227	1	0.010115
286	1273	1	0.009237
287	421	1	0.003737
287	1876	1	0.007816
288	1630	1	0.009006
288	1934	1	0.013689
289	1500	1	0.001528
289	1664	1	0.001425
290	1750	1	0.007327
290	1893	1	0.004815
291	1517	1	0.009057
292	1280	1	0.011257
293	1262	1	0.009341
293	1638	1	0.003416
294	423	1	0.007487
294	1668	1	0.003832
295	676	0.5	0.003654
295	1595	0.5	0.009543
296	1044	1	0.007546
297	615	1	0.00749
297	1105	1	0.007641
298	926	1	0.000992
298	1147	1	0.004063
299	537	1	0.002473
299	1873	1	0.003195
300	779	1	0.004279
300	1128	1	0.007837
301	336	1	0.008569
301	1713	1	0.005695
302	1615	1	0.015985
302	1683	1	0.010488
303	955	1	0.008
304	573	1	0.005305
304	1153	1	0.002238
305	1884	0.5	0.008625
305	1954	0.5	0.009066
306	1599	1	0.011539
307	314	0.5	0.011623
307	1056	1	0.01264
307	1098	0.5	0.01115
308	628	1	0.000905
308	1243	1	0.002164
309	543	1	0.000283
309	1348	1	0.004944
310	1291	1	0.00371
310	1383	0.5	0.002262
310	1710	0.5	0.004218
311	1706	1	0.007709
311	1719	1	0.006658
312	339	1	0.003333
312	525	1	0.011214
313	1771	1	0.008211
314	919	1	0.007918
315	1564	1	0.001812
315	1947	1	0.004408
316	1566	1	0.003725
316	1636	0.5	0.011504
317	1283	0.5	0.01254
317	1424	0.5	0.011759
317	1525	1	0.008363
318	909	1	0.006441
318	1743	0.5	0.009947
319	455	1	0.002511
319	950	1	0.001689
320	918	1	0.002604
320	1144	1	0.006357
321	1068	1	0.002109
322	982	1	0.00395
322	1652	1	0.003644
323	819	1	0.007227
323	1826	1	0.00469
324	699	1	0.004931
325	465	1	0.006524
326	888	0.5	0.004985
326	1243	0.5	0.004219
326	1830	1	0.004283
327	751	1	0.003511
327	1093	0.5	0.006501
327	1906	0.5	0.00952
328	331	1	0.005516
328	561	1	0.006816
329	728	1	0.008928
329	1103	1	0.005454
330	1019	1	0.00184
330	1597	0.5	0.001459
331	561	1	0.001444
332	1680	1	0.005714
333	785	1	0.020986
333	928	1	0.008455
334	1780	1	0.002867
335	1381	1	0.005478
335	1676	1	0.005944
337	393	1	0.007666
337	962	1	0.003087
338	1182	1	0.005775
338	1271	1	0.007589
339	1762	1	0.00046
340	509	1	0.007334
340	1067	1	0.001596
341	1402	1	0.002704
342	1133	1	0.014885
343	436	1	0.012502
343	1533	1	0.002749
344	1647	0.5	0.012893
344	1760	1	0.012477
344	1913	0.5	0.014051
345	1553	1	0.013734
345	1946	1	0.004464
346	431	1	0.003816
346	1630	1	0.001986
347	592	1	0.006286
347	1667	0.5	0.005771
347	1765	0.5	0.00401
349	951	0.5	0.00919
349	1957	1	0.009521
350	1923	1	0.004784
351	375	1	0.004159
351	508	1	0.0036
352	1277	1	0.006858
352	1474	1	0.004111
353	401	1	0.006814
353	900	1	0.006289
354	603	0.5	0.005051
354	1344	0.5	0.002601
354	1911	1	0.004402
355	737	0.5	0.00196
355	767	0.5	0.00989
355	1156	1	0.004558
356	1322	0.5	0.023083
356	1442	0.5	0.013529
356	1515	1	0.008915
357	362	0.5	0.002803
357	1223	1	0.002017
357	1835	0.5	0.006437
358	1693	1	0.00207
359	1138	0.5	0.004563
359	1185	1	0.000967
359	1769	0.5	0.003049
360	1211	1	0.002026
361	1152	1	0.002839
361	1477	1	0.001488
362	1223	1	0.003898
362	1835	0.5	0.006721
363	1157	1	0.001847
363	1887	1	0.006538
364	884	1	0.004612
365	1677	1	0.011584
366	519	1	0.002085
366	840	1	0.007444
367	1743	1	0.006552
368	377	1	0.005396
369	1802	1	0.005614
369	1837	1	0.002487
370	1864	1	0.012276
371	498	1	0.004069
371	647	1	0.006719
372	396	0.5	0.005316
372	882	1	0.005548
372	1295	0.5	0.009449
373	412	1	0.013322
373	897	1	0.001751
374	855	1	0.010196
374	911	1	0.004078
375	508	1	0.003299
376	774	1	0.00146
376	1904	1	0.007759
377	426	1	0.006227
378	1458	1	0.004984
378	1953	1	0.004548
379	1056	1	0.006284
380	1263	0.5	0.015209
380	1342	1	0.00488
381	565	1	0.003583
381	842	1	0.00609
382	1082	1	0.007058
383	1354	1	0.006698
384	1247	1	0.007363
384	1629	1	0.004078
385	784	0.5	0.004991
385	910	1	0.003181
385	1575	0.5	0.003588
386	984	1	0.011285
387	1301	1	0.000783
388	1118	1	0.007057
388	1484	1	0.017678
389	590	1	0.021987
389	1159	1	0.011362
390	1014	1	0.00958
390	1811	1	0.007379
391	999	1	0.000907
391	1948	0.5	0.007075
392	718	0.5	0.014114
392	1206	1	0.008503
392	1346	0.5	0.006962
393	962	1	0.004579
394	1660	1	0.010679
395	1528	1	0.006041
396	800	1	0.004059
396	1295	0.5	0.011118
397	512	0.5	0.008331
397	521	1	0.005624
397	1258	0.5	0.008374
398	417	1	0.006458
398	1164	1	0.004057
399	998	1	0.006159
399	1182	0.5	0.006256
399	1537	0.5	0.006045
400	1885	1	0.011283
401	410	1	0.005382
402	757	0.5	0.00883
402	1267	0.5	0.009032
402	1429	1	0.009729
403	1410	1	0.015036
403	1570	1	0.002711
404	601	1	0.005244
404	1640	1	0.018274
405	721	0.5	0.004088
405	1543	1	0.003687
406	1435	1	0.005416
406	1720	1	0.001785
407	449	1	0.005414
407	1845	1	0.0089
408	812	1	0.006736
408	1741	1	0.007786
409	843	1	0.010036
409	1204	1	0.00911
410	894	1	0.002219
411	520	1	0.005264
412	770	1	0.004941
413	659	1	0.008078
413	1296	1	0.004953
414	1344	1	0.003254
414	1450	1	0.003016
415	804	0.5	0.009131
415	1388	1	0.002597
416	1427	1	0.004441
416	1817	1	0.004367
417	1377	1	0.017454
418	816	1	0.001312
419	1453	0.5	0.013797
420	525	1	0.01326
420	1340	1	0.002327
421	1331	1	0.006288
422	1041	1	0.003323
422	1094	0.5	0.007061
424	898	1	0.007301
424	1508	1	0.00067
425	1008	1	0.001924
425	1135	0.5	0.01188
427	1120	1	0.006055
427	1225	1	0.005951
428	1092	1	0.015812
429	449	1	0.004808
429	1080	1	0.00524
430	626	1	0.007407
430	1850	1	0.002715
431	1560	1	0.004488
432	647	0.5	0.00802
432	1431	1	0.007436
433	1029	1	0.003296
433	1197	1	0.004582
434	776	1	0.003295
434	1175	1	0.001911
435	609	1	0.001656
435	1806	1	0.003326
436	1533	1	0.009804
437	568	1	0.000544
437	1219	1	0.003525
438	1384	1	0.006825
438	1879	1	0.00725
439	465	1	0.002768
440	566	1	0.009099
441	1094	1	0.003884
442	1234	1	0.008526
442	1626	1	0.006813
443	1439	1	0.001408
443	1783	1	0.006636
444	870	1	0.004432
444	1878	1	0.00743
445	682	1	0.001994
445	1655	1	0.005323
446	536	0.5	0.011499
446	1613	1	0.001349
446	1990	0.5	0.009876
447	1538	1	0.003664
447	1981	1	0.005586
448	908	1	0.006982
448	1015	1	0.006014
450	623	1	0.004865
450	909	1	0.002134
451	679	1	0.008148
451	1309	1	0.011633
452	1561	1	0.008028
452	1851	1	0.006208
454	1966	1	0.003341
454	1967	1	0.00493
455	950	1	0.000826
456	1205	1	0.006517
456	1663	1	0.009822
458	1040	1	0.003488
458	1318	1	0.00294
459	1045	1	0.006663
459	1246	1	0.008558
460	533	1	0.01204
460	662	1	0.013853
461	1193	1	0.000894
462	1866	1	0.002427
463	1746	1	0.008349
464	957	1	0.002647
464	1756	1	0.002264
466	841	1	0.005467
466	1499	1	0.007972
467	585	1	0.006185
467	1439	1	0.005013
468	787	1	0.009621
468	1309	1	0.00549
469	579	0.5	0.002012
469	1621	1	0.007703
469	1718	0.5	0.003077
470	1915	1	0.008642
471	479	1	0.007754
471	985	0.5	0.012752
472	961	1	0.009617
472	1028	1	0.002779
473	1275	1	0.00757
473	1833	1	0.006904
474	1037	1	0.008157
474	1654	1	0.004176
475	735	1	0.004187
475	1721	1	0.004213
476	584	1	0.00583
476	1936	1	0.008275
477	486	1	0.01033
477	530	1	0.013933
478	772	1	0.00498
478	799	1	0.009387
479	793	1	0.002322
480	488	1	0.004931
480	1536	1	0.008395
482	614	1	0.005708
483	1179	0.5	0.013335
483	1270	0.5	0.011837
483	1380	1	0.009325
484	921	0.5	0.003477
484	983	1	0.002976
484	1140	0.5	0.003113
485	972	1	0.004272
485	1512	1	0.00529
486	1083	1	0.003629
487	534	1	0.010666
487	1731	1	0.009732
488	1247	1	0.005982
489	1793	1	0.00259
489	1810	1	0.003439
490	996	1	0.00645
491	1601	1	0.01051
493	747	1	4.6e-05
493	1984	1	0.011344
494	1154	1	0.011974
494	1426	1	0.008644
495	688	1	0.004499
495	1411	1	0.003087
496	700	1	0.00557
496	1470	1	0.004096
497	1815	1	0.005805
497	1886	1	0.002128
498	822	1	0.007025
499	897	1	0.018038
499	1069	1	0.002442
500	1417	1	0.009484
501	601	1	0.010509
502	648	1	0.001581
502	1081	0.5	0.013632
502	1684	0.5	0.008296
503	527	1	0.009752
503	1859	1	0.011579
504	971	1	0.006685
504	1027	1	0.006667
505	1047	1	0.005572
506	1107	1	0.000885
506	1779	1	0.00676
507	1332	1	0.011942
509	1748	1	0.005993
510	675	1	0.007416
510	831	0.5	0.005156
510	1294	0.5	0.006247
511	941	1	0.017989
511	1208	1	0.010751
512	1258	0.5	0.006308
513	1343	1	0.009454
514	857	1	0.00365
514	1476	1	0.010567
515	1020	1	0.012461
515	1100	1	0.005759
516	1009	1	0.013679
516	1408	1	0.008718
517	652	0.5	0.004285
517	1905	1	0.011981
518	1167	1	0.003656
518	1919	0.5	0.005055
519	1680	1	0.007187
521	1616	1	0.002142
522	657	1	0.005514
522	1900	1	0.007905
523	546	1	0.007069
524	1151	1	0.004795
524	1627	1	0.009231
526	567	1	0.007156
526	594	1	0.010984
527	1472	1	0.0014
528	1641	1	0.005098
529	645	1	0.014515
530	587	1	0.010062
532	756	1	0.002024
532	1235	1	0.006111
533	1972	1	0.009965
534	730	1	0.006406
535	1074	1	0.013364
535	1733	1	0.004854
536	1677	1	0.004957
536	1990	0.5	0.008003
537	1166	0.5	0.003683
537	1820	0.5	0.002566
538	731	1	0.0149
538	1328	1	0.002352
539	1497	1	0.011604
539	1689	1	0.004216
540	1454	1	0.0118
541	582	1	0.005711
541	1112	1	0.000355
542	1200	1	0.005765
542	1803	1	0.003185
543	678	1	0.003594
544	1106	1	0.003624
544	1694	1	0.004163
545	1168	1	0.002056
545	1307	1	0.009095
546	1404	1	0.007205
547	877	1	0.006574
547	1559	1	0.008042
548	905	1	0.007842
548	968	1	0.011475
549	1673	1	0.004424
549	1889	1	0.002147
550	1456	1	0.003061
551	876	1	0.007474
552	1320	1	0.005502
552	1686	1	0.002797
553	826	1	0.00419
553	1648	1	0.007989
554	576	1	0.004138
554	1707	1	0.004009
555	690	1	0.00209
555	714	1	0.00652
556	1359	1	0.003081
556	1481	1	0.004373
557	1576	1	0.00821
557	1602	1	0.003956
558	1086	1	0.009284
559	660	1	0.004939
559	750	1	0.010626
560	770	1	0.010702
562	1522	1	0.00243
563	888	1	0.001727
563	1076	1	0.001447
564	792	1	0.007899
564	1808	1	0.012836
565	687	1	0.008417
566	1218	1	0.004848
567	594	1	0.009704
568	1219	1	0.003576
569	620	1	0.011283
569	1660	1	0.013178
570	680	1	0.002341
571	960	1	0.005942
571	1009	1	0.007993
572	1305	1	0.007138
573	726	1	0.009105
574	1421	1	0.005914
575	621	1	0.005759
575	823	0.5	0.006409
575	1339	0.5	0.011621
576	1707	0.5	0.006869
577	1936	1	0.009338
577	1987	1	0.01314
578	1487	1	0.006183
579	859	1	0.001907
579	1718	0.5	0.001497
580	1091	1	0.003537
580	1562	1	0.008646
581	761	1	0.013877
582	1308	0.5	0.00578
583	1401	1	0.003067
583	1937	1	0.001498
584	815	1	0.007998
585	646	1	0.003275
586	1002	1	0.004294
586	1602	1	0.007804
587	1406	1	0.007321
588	1561	1	0.008532
588	1639	1	0.004855
589	773	0.5	0.008159
589	1079	1	0.011616
589	1404	0.5	0.009228
590	934	1	0.005268
591	1598	1	0.005609
591	1826	1	0.004733
592	667	1	0.008772
593	609	1	0.005113
593	1806	1	0.005756
595	1924	1	0.004285
596	877	1	0.003355
596	1126	1	0.01226
597	1274	1	0.002581
598	1297	1	0.001456
598	1506	1	0.001697
599	1787	1	0.003342
600	1669	1	0.002905
602	661	1	0.001891
602	1502	1	0.011652
603	1344	0.5	0.007443
603	1911	1	0.004213
604	1609	1	0.009588
604	1742	1	0.008658
605	1253	1	0.00372
605	1958	1	0.003507
606	842	1	0.002933
606	1776	1	0.007814
607	1212	1	0.006518
607	1618	1	0.007336
608	1372	1	0.008937
608	1703	1	0.014625
610	970	1	0.007451
610	1829	1	0.009471
611	1266	1	0.004432
611	1671	1	0.006468
612	923	1	0.00366
612	1902	1	0.007667
613	1289	1	0.001504
613	1450	1	0.004002
614	1467	1	0.006912
615	769	1	0.003313
616	686	0.5	0.007348
616	1214	1	0.005003
616	1282	0.5	0.002346
617	1600	1	0.005466
617	1757	1	0.013557
618	764	1	0.00778
619	684	1	0.003349
619	734	1	0.003404
620	1087	1	0.011695
621	823	1	0.006439
622	1466	1	0.00764
624	629	1	0.008732
624	1617	1	0.010052
625	758	1	0.004897
625	1143	1	0.010835
626	1871	1	0.01073
627	865	1	0.007721
627	940	1	0.014325
628	914	1	0.005042
629	1617	1	0.00797
630	635	1	0.00644
630	1250	0.5	0.010217
631	1526	0.5	0.014716
631	1747	0.5	0.007544
632	828	1	0.008851
632	1589	1	0.003409
633	1462	1	0.011315
633	1932	1	0.004627
634	666	1	0.009838
634	1280	1	0.008604
636	1065	1	0.008997
636	1136	1	0.00782
637	1108	1	0.005276
637	1624	1	0.004731
638	1273	1	0.006097
638	1496	1	0.004224
639	1319	1	0.004659
639	1473	1	0.00875
640	925	1	0.013389
640	1122	1	0.006847
641	1333	1	0.003533
641	1854	1	0.008397
642	1333	1	0.010269
642	1857	1	0.011411
643	959	1	0.007399
643	964	1	0.003516
644	985	0.5	0.012187
644	1374	1	0.003039
644	1444	0.5	0.010408
645	1434	1	0.005435
646	1501	1	0.004222
648	1034	1	0.009405
649	1640	1	0.008904
649	1881	1	0.007007
650	1134	1	0.002765
650	1350	1	0.001514
651	1032	1	0.009522
653	1101	1	0.003647
653	1287	1	0.005692
654	1090	1	0.001441
654	1855	1	0.002975
655	1453	1	0.003276
656	1008	1	0.00658
656	1336	1	0.005904
657	1518	1	0.011303
658	817	1	0.010403
658	891	1	0.008223
659	1217	1	0.005108
660	1709	1	0.008437
661	1502	1	0.011435
662	1373	1	0.006208
663	810	0.5	0.018179
663	1901	1	0.015457
664	1075	1	0.003012
664	1316	1	0.001583
665	850	0.5	0.012122
665	1257	0.5	0.012851
665	1445	1	0.01267
666	1270	1	0.003008
667	1263	0.5	0.013614
667	1342	0.5	0.011247
668	763	0.5	0.007486
668	1678	0.5	0.004442
669	830	1	0.007948
669	992	0.5	0.005182
669	1046	0.5	0.010233
670	1699	1	0.007751
671	880	1	0.005667
671	1792	1	0.012093
672	1446	1	0.002545
672	1714	0.5	0.007239
673	1939	1	0.005403
674	1725	1	0.007405
675	1294	1	0.00692
676	1595	0.5	0.00779
677	1703	1	0.009448
677	1814	1	0.003886
678	1348	1	0.004367
679	974	1	0.011278
680	1885	1	0.00708
681	871	1	0.008481
681	1888	1	0.011291
682	1237	1	0.013436
683	1768	1	0.002042
684	1749	1	0.002158
685	1690	1	0.014029
685	1999	1	0.00488
686	1135	1	0.006805
686	1282	0.5	0.009454
688	1411	0.5	0.004593
688	1535	0.5	0.007069
689	1324	1	0.007882
689	1563	1	0.006331
690	955	1	0.006258
691	850	1	0.010588
691	1920	1	0.010069
692	827	0.5	0.009857
692	1487	0.5	0.005738
693	1115	1	0.010487
693	1159	1	0.002458
694	710	1	0.018
694	1285	1	0.012926
695	709	1	0.002536
695	1245	1	0.005095
696	1491	1	0.002032
696	1604	1	0.002459
697	993	0.5	0.00768
697	1178	1	0.005743
697	1530	0.5	0.006619
698	1687	1	0.002631
698	1909	1	0.004763
700	1470	0.5	0.005031
701	1813	1	0.004919
702	1025	1	0.007845
702	1581	1	0.01114
703	736	1	0.002457
703	1324	1	0.003359
704	1279	1	0.010418
704	1674	1	0.002093
705	808	0.5	0.009717
705	1514	1	0.003475
706	1151	1	0.002346
706	1644	1	0.001088
707	1322	1	0.011268
707	1642	1	0.011257
708	1131	1	0.00146
708	1531	1	0.00238
710	1789	1	0.014958
711	1457	1	0.008212
712	1202	1	0.008724
712	1274	1	0.00426
713	834	1	0.000614
713	1611	1	0.002656
714	1187	1	0.007818
715	856	1	0.004492
715	1582	1	0.006367
716	1763	1	0.007763
716	1842	1	0.017372
717	1192	1	0.001554
718	803	1	0.011383
718	1346	0.5	0.015091
719	849	1	0.002066
719	1675	0.5	0.011792
720	1171	1	0.00328
720	1501	1	0.002225
721	1351	1	0.001961
722	1054	0.5	0.020702
722	1723	0.5	0.01263
722	1738	1	0.01387
724	980	1	0.006771
724	1332	1	0.010128
725	729	1	0.00599
725	786	1	0.009128
727	798	0.5	0.009768
727	1174	1	0.003037
728	1416	1	0.002897
729	786	1	0.005751
730	1979	1	0.003094
731	1328	1	0.012741
732	1062	1	0.007456
732	1620	1	0.001047
733	1201	0.5	0.004065
733	1475	0.5	0.007165
733	1705	1	0.001413
735	1721	1	0.001313
736	833	1	0.00213
737	767	0.5	0.010156
737	1156	1	0.003504
738	946	1	0.01323
738	1143	1	0.008483
739	1132	1	0.008679
739	1541	1	0.004898
740	1162	1	0.009847
741	1406	0.5	0.011011
741	1506	1	0.00451
741	1542	0.5	0.008801
742	848	1	0.008841
742	1843	1	0.013775
743	747	1	0.007498
744	1472	1	0.007166
744	1666	1	0.006805
745	942	1	0.013168
746	1240	1	0.008894
746	1790	1	0.008163
749	1180	1	0.001958
749	1568	1	0.005191
750	1389	1	0.005508
751	880	1	0.014285
752	1824	1	0.006109
752	1982	1	0.005036
753	932	0.5	0.011204
753	987	1	0.006587
753	1257	0.5	0.009002
754	924	1	0.003337
754	1191	1	0.004705
755	1236	1	0.002794
755	1838	1	0.003446
756	1060	1	0.005074
757	1267	0.5	0.010373
757	1996	1	0.006179
758	1110	1	0.005979
759	1015	1	0.009228
760	1038	0.5	0.010993
760	1229	1	0.006087
760	1912	0.5	0.005312
761	1866	0.5	0.006569
762	1310	1	0.007661
762	1643	1	0.008914
763	1678	0.5	0.006175
764	1100	1	0.004366
765	958	0.5	0.011627
765	1036	1	0.002709
766	913	1	0.003233
766	1751	1	0.00359
767	1621	1	0.005519
768	1405	1	0.005599
768	1519	1	0.001687
769	1983	1	0.010092
771	906	1	0.00852
771	1717	1	0.014991
772	922	1	0.013009
773	1079	1	0.004426
773	1404	0.5	0.007516
774	1509	0.5	0.007588
774	1904	0.5	0.009197
775	1539	1	0.007055
775	1716	1	0.004525
776	1912	1	0.002574
777	892	1	0.003911
778	1737	1	0.006195
779	1818	1	0.014161
780	1740	1	0.010712
781	1578	1	0.003616
782	900	1	0.009187
782	1700	1	0.00697
783	1463	1	0.007451
783	1995	1	0.008312
784	1575	0.5	0.005164
784	1594	1	0.007269
785	1484	1	0.005074
787	1095	1	0.007879
788	789	1	0.004947
788	1207	1	0.009981
789	1207	1	0.00507
790	1169	1	0.006994
791	1351	1	0.007518
791	1585	1	0.010245
792	1559	1	0.010905
793	1347	1	0.008943
794	1073	1	0.002743
794	1886	1	0.002452
795	1036	1	0.00934
796	1518	1	0.007135
796	1573	1	0.006053
797	1266	1	0.000299
797	1671	1	0.005503
798	896	1	0.006383
798	1174	0.5	0.00828
799	1628	1	0.004022
800	1748	1	0.012707
801	1000	1	0.006849
801	1127	1	0.001392
802	944	1	0.008416
802	1045	1	0.00134
804	1388	1	0.008274
805	963	1	0.009878
805	1872	1	0.00635
806	1358	1	0.01464
807	819	1	0.007456
807	1598	1	0.000489
808	1367	0.5	0.0086
809	1154	1	0.016512
809	1426	1	0.014038
810	899	1	0.008945
811	1438	1	0.009009
811	1555	1	0.002779
812	1899	1	0.011272
813	1436	1	0.003411
814	1232	1	0.001938
815	872	1	0.008489
816	1082	1	0.002475
817	891	1	0.010484
818	1418	1	0.003165
818	1781	1	0.000297
820	1288	1	0.003111
821	1713	1	0.01073
823	1339	0.5	0.005859
824	1841	1	0.004704
825	1392	1	0.00925
825	1658	1	0.010896
826	1064	0.5	0.011827
826	1880	0.5	0.007214
827	1487	0.5	0.011971
828	1682	1	0.001555
829	1012	1	0.005508
829	1938	1	0.005653
831	1024	1	0.008037
831	1294	0.5	0.008957
832	1264	1	0.006571
833	1569	1	0.002359
834	1611	1	0.002972
835	1099	1	0.002976
836	933	1	0.002091
836	1767	1	0.004446
837	993	1	0.004753
837	1530	1	0.006777
838	1013	1	0.003337
838	1298	1	0.000703
839	1412	1	0.003102
839	1882	1	0.011242
840	1116	1	0.011057
841	1085	1	0.015407
843	1688	1	0.010019
844	1110	1	0.007554
844	1752	1	0.003055
845	1529	0.5	0.008828
845	1894	0.5	0.005798
846	1479	1	0.010586
846	1930	1	0.009939
847	851	1	0.00709
847	1880	1	0.002756
848	876	1	0.008911
850	932	0.5	0.008969
851	1418	0.5	0.006182
851	1781	0.5	0.003793
852	1636	1	0.015569
852	1792	1	0.004605
854	990	1	0.009983
854	1155	1	0.006068
855	1432	1	0.010029
856	1522	0.5	0.002707
856	1582	0.5	0.006341
857	1623	1	0.006729
858	1016	1	0.001501
859	1718	1	0.002396
860	1043	1	0.004916
861	1369	1	0.003692
861	1628	1	0.01052
862	1700	1	0.000624
862	1862	1	0.01083
863	1103	1	0.002861
863	1416	0.5	0.005741
863	1641	0.5	0.009116
864	1847	1	0.005865
865	1795	1	0.009752
866	1807	1	0.006808
866	1892	1	0.00952
867	868	1	0.004706
867	1010	1	0.007699
868	1189	1	0.007542
869	1251	1	0.004572
869	1868	1	0.006009
870	1199	1	0.006684
871	939	1	0.007622
873	1057	1	0.005192
874	1459	1	0.008609
874	1516	1	0.001569
875	1190	1	0.004614
875	1314	1	0.004643
878	1907	1	0.005104
879	1357	1	0.004696
879	1520	1	0.004293
881	1868	1	0.005984
881	1964	1	0.012338
882	1295	1	0.004047
883	1220	0.5	0.010627
883	1231	1	0.004196
883	1897	0.5	0.003518
884	1327	1	0.009431
885	1215	1	0.005268
885	1586	1	0.007871
886	1108	1	0.001531
887	960	1	0.004249
888	1243	0.5	0.0042
889	1840	1	0.010711
890	1252	1	0.010234
890	1321	1	0.004577
892	1716	1	0.00645
893	1423	1	0.001936
893	1689	1	0.005534
894	1057	1	0.002733
895	1678	1	0.005044
896	1507	1	0.01489
898	1508	1	0.007169
901	991	1	0.007271
901	1724	1	0.007877
902	1061	1	0.006941
902	1731	1	0.004164
903	1153	1	0.006172
904	1139	1	0.005791
904	1612	1	0.003149
905	1503	1	0.005367
906	1717	1	0.008603
907	1097	1	0.00406
907	1755	1	0.01001
908	1776	1	0.01416
910	1577	1	0.002828
911	1432	1	0.007181
912	1858	1	0.005167
913	1615	1	0.013864
914	1285	1	0.003337
915	1740	0.5	0.01037
915	1827	1	0.003826
916	1516	1	0.007084
916	1523	1	0.000894
918	1697	1	0.004948
919	1447	0.5	0.003322
920	1030	1	0.00346
921	1124	1	0.000525
921	1140	0.5	0.003367
922	1395	1	0.005003
923	1007	1	0.006944
924	1803	1	0.003549
925	1452	1	0.006486
926	1147	1	0.003127
927	1209	1	0.018068
927	1963	1	0.002559
929	1579	1	0.004396
930	1873	1	0.007957
931	1451	0.5	0.004134
931	1869	1	0.001547
931	1950	0.5	0.001856
932	1683	1	0.006634
933	1590	1	0.004603
934	1877	1	0.017825
935	1360	1	0.003471
935	1491	0.5	0.003985
935	1604	0.5	0.001197
936	1646	1	0.008996
937	1311	1	0.0061
938	1805	1	0.003026
939	1490	1	0.007998
941	1399	1	0.004962
942	1437	1	0.010939
943	1089	1	0.004618
944	1704	1	0.005481
945	1330	1	0.010831
946	1725	1	0.00385
947	976	1	0.007151
947	1021	1	0.009802
948	1829	1	0.008284
948	1919	1	0.005329
949	1319	1	0.002131
949	1737	1	0.009972
951	1300	1	0.01149
952	995	1	0.002338
952	1146	0.5	0.002648
952	1246	0.5	0.006533
953	1011	1	0.009268
953	1690	1	0.004292
954	1287	1	0.006931
954	1967	1	0.004512
956	1572	1	0.000882
956	1927	1	0.009163
957	1756	1	0.002423
958	1033	1	0.01305
961	1992	1	0.007263
963	1872	1	0.007247
964	1373	1	0.004126
965	1643	1	0.006492
965	1715	1	0.014022
966	1607	0.5	0.005317
966	1847	1	0.010229
967	1692	1	0.007639
969	1479	1	0.005932
969	1844	1	0.011408
970	1198	1	0.004491
971	1488	1	0.006877
972	1480	1	0.00166
975	1823	1	0.00592
976	1861	1	0.006029
977	1569	1	0.001929
977	1701	1	0.008011
978	1111	1	0.006448
979	1054	1	0.011555
979	1723	1	0.00361
981	1973	1	0.002195
982	1142	1	0.007135
983	1124	1	0.003883
984	1517	1	0.012123
986	1186	1	0.007199
986	1679	1	0.002472
987	1114	1	0.006672
988	1123	1	0.000917
988	1961	1	0.004963
989	1949	1	0.005999
991	1734	1	0.00836
992	1775	0.5	0.004881
992	1971	1	0.004637
993	1530	0.5	0.009995
994	1831	1	0.006996
995	1146	0.5	0.000394
996	1278	1	0.005626
997	1125	1	0.004721
998	1182	0.5	0.007179
998	1836	0.5	0.007323
999	1948	1	0.007723
1000	1777	1	0.004442
1001	1293	1	0.007565
1002	1665	1	0.01002
1003	1538	1	0.001694
1003	1754	1	0.004787
1004	1946	1	0.008692
1005	1063	1	0.008717
1006	1860	1	0.008874
1007	1478	1	0.002223
1010	1455	0.5	0.00563
1010	1586	0.5	0.00632
1011	1999	1	0.007004
1012	1938	1	0.006667
1013	1298	1	0.002633
1014	1811	1	0.002452
1017	1097	1	0.017234
1017	1794	1	0.010803
1018	1890	1	0.002501
1018	1898	1	0.004973
1019	1597	1	0.002134
1020	1610	1	0.011611
1021	1536	1	0.017121
1022	1117	1	0.005388
1022	1816	1	0.00772
1023	1209	1	0.007764
1023	1952	1	0.011256
1024	1739	1	0.008527
1025	1581	1	0.003609
1026	1077	0.5	0.00664
1026	1849	1	0.00204
1027	1698	1	0.007318
1028	1852	1	0.003293
1029	1197	1	0.005198
1031	1618	1	0.004315
1031	1922	1	0.006692
1032	1949	1	0.006805
1033	1471	1	0.001742
1034	1730	1	0.005607
1038	1912	0.5	0.007896
1038	1961	1	0.010058
1039	1202	1	0.001807
1039	1467	0.5	0.009015
1040	1318	1	0.002522
1041	1412	0.5	0.011253
1042	1104	1	0.012081
1042	1529	1	0.008278
1043	1394	0.5	0.01001
1043	1579	0.5	0.008598
1044	1315	1	0.010563
1046	1437	0.5	0.014442
1046	1775	1	0.004583
1048	1194	1	0.009175
1048	1856	1	0.004019
1049	1255	1	0.004782
1049	1614	1	0.006278
1050	1672	0.5	0.0021
1050	1726	1	0.001906
1051	1914	1	0.009477
1052	1510	1	0.003335
1053	1084	1	0.006197
1054	1723	0.5	0.015165
1055	1419	1	0.00464
1055	1552	1	0.006817
1058	1358	1	0.014866
1058	1709	1	0.008106
1059	1063	1	0.010374
1060	1942	1	0.001526
1061	1650	0.5	0.004039
1061	1708	0.5	0.00516
1062	1620	1	0.00809
1064	1880	0.5	0.011944
1064	1986	1	0.008977
1065	1366	1	0.006693
1066	1264	1	0.007451
1067	1423	1	0.002168
1068	1784	1	0.003806
1069	1917	1	0.008134
1070	1121	1	0.012344
1070	1635	1	0.010406
1071	1081	1	0.006389
1071	1299	1	0.007303
1072	1883	1	0.004225
1072	1928	1	0.003462
1075	1316	0.5	0.004576
1075	1921	0.5	0.009635
1076	1830	1	0.002941
1078	1587	1	0.002852
1078	1916	1	0.011106
1080	1882	1	0.00638
1081	1684	0.5	0.009673
1084	1368	1	0.009789
1085	1499	1	0.00615
1086	1591	1	0.001991
1087	1215	1	0.00908
1088	1429	1	0.006679
1088	1996	1	0.010381
1089	1593	1	0.002502
1090	1855	1	0.002161
1093	1906	0.5	0.005488
1093	1980	1	0.005688
1095	1691	1	0.008744
1096	1349	1	0.00481
1096	1558	1	0.006594
1098	1785	0.5	0.00923
1098	1937	1	0.008389
1099	1368	1	0.006279
1101	1612	1	0.000847
1102	1271	1	0.004974
1102	1449	1	0.002779
1104	1894	1	0.002331
1106	1694	1	0.00524
1107	1779	1	0.006277
1109	1357	1	0.007866
1109	1928	1	0.004139
1113	1396	1	0.006531
1114	1997	1	0.007016
1115	1981	1	0.008986
1117	1485	1	0.007525
1118	1428	1	0.008931
1119	1571	1	0.008503
1121	1635	1	0.002786
1122	1482	1	0.010576
1123	1175	1	0.002608
1125	1963	1	0.009284
1127	1965	1	0.004648
1129	1532	1	0.007535
1129	1632	1	0.001313
1130	1302	1	0.009843
1130	1766	1	0.013132
1131	1531	1	0.003448
1134	1867	1	0.001247
1136	1545	1	0.006379
1137	1673	1	0.001136
1137	1739	1	0.00603
1138	1185	1	0.004021
1138	1769	0.5	0.004411
1139	1978	1	0.006398
1140	1527	1	0.005997
1141	1306	1	0.00501
1141	1313	1	0.007386
1142	1652	1	0.004705
1145	1242	1	0.002739
1145	1745	1	0.006787
1148	1173	1	0.005978
1149	1213	1	0.002791
1149	1249	1	0.009849
1150	1244	1	0.00703
1152	1477	1	0.003245
1155	1908	1	0.001281
1157	1887	1	0.008206
1158	1654	1	0.002589
1158	1945	1	0.001915
1160	1371	0.5	0.008165
1160	1496	1	0.004973
1161	1289	1	0.003172
1161	1896	1	0.000476
1163	1166	1	0.001557
1163	1820	1	0.004207
1164	1944	1	0.00773
1165	1172	1	0.003846
1165	1797	1	0.003371
1166	1820	0.5	0.003897
1168	1378	1	0.006158
1170	1176	1	0.001013
1170	1560	1	0.004962
1171	1263	1	0.012651
1172	1592	1	0.013486
1173	1662	1	0.004252
1174	1735	0.5	0.006044
1176	1950	1	0.00333
1179	1270	0.5	0.009318
1179	1380	1	0.00412
1180	1681	1	0.001558
1181	1848	1	0.00471
1183	1425	1	0.006232
1183	1970	1	0.006649
1184	1580	1	0.009545
1184	1761	1	0.010716
1186	1977	1	0.007842
1187	1804	1	0.004345
1188	1793	1	0.007376
1189	1455	1	0.003024
1190	1314	1	0.001118
1192	1813	1	0.005693
1193	1511	0.5	0.009968
1194	1378	1	0.009093
1195	1228	1	0.003403
1195	1659	1	0.009394
1196	1544	1	0.005559
1198	1960	1	0.0019
1199	1753	1	0.006795
1200	1385	1	0.009116
1201	1475	0.5	0.009313
1201	1705	1	0.002784
1203	1352	1	0.009276
1203	1441	1	0.011794
1206	1504	1	0.005223
1208	1722	1	0.005923
1210	1312	0.5	0.008393
1210	1335	1	0.005136
1210	1493	0.5	0.010517
1212	1413	1	0.00816
1213	1269	1	0.009342
1214	1282	1	0.003151
1216	1458	1	0.008619
1216	1953	1	0.000962
1217	1859	1	0.010478
1220	1897	0.5	0.011022
1221	1260	1	0.006406
1221	1504	1	0.004987
1222	1459	1	0.013151
1222	1772	1	0.003926
1224	1607	1	0.008044
1225	1461	1	0.003172
1226	1254	0.5	0.009505
1226	1428	1	0.001101
1226	1547	0.5	0.011775
1227	1371	1	0.006406
1228	1242	1	0.010896
1230	1320	1	0.000701
1230	1686	1	0.004133
1231	1897	1	0.00441
1232	1921	1	0.01092
1233	1431	1	0.009033
1234	1469	1	0.000731
1235	1251	1	0.003334
1237	1585	1	0.012538
1238	1973	1	0.003702
1239	1372	1	0.008678
1239	1814	1	0.005587
1240	1540	1	0.004907
1241	1360	1	0.006947
1241	1998	1	0.005687
1244	1290	1	0.009824
1248	1972	1	0.012785
1248	1993	1	0.004778
1249	1588	1	0.004826
1252	1321	1	0.00713
1253	1958	1	0.003405
1254	1547	0.5	0.008805
1254	1649	1	0.003678
1255	1614	1	0.009428
1256	1454	1	0.010201
1257	1445	1	0.000442
1259	1265	1	0.000603
1259	1460	1	0.003059
1261	1362	1	0.002697
1261	1661	1	0.005945
1262	1638	1	0.007487
1265	1460	1	0.00254
1267	1796	1	0.007397
1268	1384	1	0.015406
1268	1879	1	0.007104
1272	1345	1	0.004581
1275	1833	1	0.004037
1276	1296	1	0.004579
1276	1666	1	0.002438
1277	1474	1	0.006999
1278	1930	1	0.0089
1279	1759	1	0.005545
1281	1366	0.5	0.005557
1281	1534	0.5	0.00709
1283	1424	0.5	0.007817
1283	1553	1	0.008991
1284	1355	0.5	0.0072
1284	1659	1	0.007548
1291	1383	1	0.001962
1292	1341	0.5	0.004089
1292	1688	1	0.004793
1292	1918	0.5	0.002569
1297	1956	1	0.00332
1302	1664	1	0.011912
1303	1645	1	0.006667
1303	1821	1	0.006828
1305	1699	1	0.007918
1306	1313	1	0.008555
1307	1497	1	0.002999
1308	1486	1	0.006737
1310	1494	0.5	0.000728
1312	1335	1	0.009971
1312	1493	0.5	0.009092
1316	1921	0.5	0.009448
1317	1821	1	0.01106
1317	1895	1	0.003644
1322	1442	0.5	0.025211
1323	1489	1	0.005407
1323	1965	1	0.005654
1325	1374	1	0.007022
1325	1983	1	0.001956
1329	1558	1	0.005375
1331	1550	1	0.005434
1334	1509	1	0.002124
1334	1527	1	0.010588
1336	1759	1	0.00365
1337	1595	1	0.004974
1338	1405	1	0.00644
1339	1770	1	0.007775
1341	1918	0.5	0.004682
1341	1932	1	0.007
1347	1613	1	0.012952
1350	1867	1	0.001673
1352	1441	1	0.004651
1353	1603	1	0.004171
1353	1998	1	0.004817
1354	1438	1	0.004752
1355	1386	1	0.003437
1359	1712	1	0.007087
1361	1808	1	0.007629
1361	1891	1	0.000361
1362	1661	1	0.004521
1364	1991	1	0.00476
1365	1370	1	0.006034
1366	1534	0.5	0.003202
1367	1729	0.5	0.008211
1370	1875	1	0.00911
1375	1633	1	0.006452
1375	1764	1	0.005707
1376	1670	1	0.009575
1377	1944	1	0.015386
1381	1676	1	0.000984
1382	1413	1	0.007092
1382	1856	1	0.007123
1383	1710	0.5	0.005723
1385	1754	1	0.012737
1387	1959	1	0.010034
1390	1815	1	0.008292
1391	1752	1	0.004794
1393	1608	1	0.002868
1393	1874	1	0.001999
1394	1579	0.5	0.006062
1394	1902	1	0.005634
1395	1763	1	0.001777
1397	1512	1	0.00653
1397	1861	1	0.006395
1398	1994	1	0.004168
1399	1722	1	0.008631
1401	1828	1	0.005314
1403	1421	0.5	0.007789
1406	1542	0.5	0.010519
1408	1931	1	0.003207
1410	1570	1	0.014463
1411	1535	0.5	0.003783
1414	1824	1	0.003497
1414	1964	1	0.010311
1415	1592	1	0.016659
1416	1641	0.5	0.012861
1417	1624	1	0.010499
1418	1781	0.5	0.003459
1420	1878	1	0.008716
1420	1943	1	0.003
1422	1667	1	0.002654
1422	1765	1	0.000635
1425	1970	1	0.003998
1427	1817	1	0.005829
1430	1865	1	0.002121
1433	1819	1	0.012268
1435	1685	1	0.003856
1436	1596	1	0.003629
1437	1775	0.5	0.011337
1440	1702	1	0.001261
1442	1642	1	0.00823
1443	1631	1	0.001869
1446	1714	1	0.006404
1447	1785	0.5	0.004369
1447	1846	1	0.002618
1448	1651	1	0.007392
1449	1766	1	0.004593
1451	1869	1	0.003046
1451	1950	0.5	0.005059
1452	1710	1	0.006218
1455	1586	0.5	0.00967
1462	1901	1	0.01458
1463	1995	1	0.001312
1464	1696	0.5	0.005197
1464	1908	0.5	0.007703
1465	1578	1	0.005609
1466	1772	1	0.00989
1468	1471	1	0.010231
1469	1626	1	0.005511
1473	1951	1	0.001607
1476	1623	1	0.004546
1478	1787	1	0.002747
1481	1704	1	0.013049
1482	1853	1	0.007989
1483	1648	1	0.004931
1483	1800	1	0.003821
1485	1816	1	0.005033
1488	1668	1	0.006298
1489	1758	1	0.008503
1490	1751	1	0.004453
1491	1604	0.5	0.00396
1492	1583	1	0.005113
1492	1971	1	0.008165
1494	1798	1	0.001134
1495	1574	1	0.010798
1495	1634	1	0.007458
1498	1695	1	0.012371
1498	1974	0.5	0.00539
1500	1738	1	0.007754
1505	1619	1	0.004815
1505	1809	1	0.00794
1507	1757	1	0.00085
1509	1904	0.5	0.013152
1510	1555	1	0.001249
1513	1656	1	0.003713
1513	1729	1	0.00651
1515	1603	1	0.006189
1520	1934	1	0.007744
1521	1599	1	0.003079
1521	1622	1	0.007673
1522	1582	0.5	0.007711
1523	1910	1	0.007482
1524	1876	1	0.005655
1526	1657	1	0.003124
1526	1747	0.5	0.008461
1529	1894	0.5	0.00942
1534	1627	1	0.004883
1535	1625	1	0.01111
1537	1836	0.5	0.005998
1537	1850	1	0.007749
1539	1662	1	0.007964
1540	1790	1	0.004311
1542	1870	1	0.003878
1544	1728	1	0.006259
1545	1945	1	0.004256
1546	1982	1	0.002588
1546	1989	1	0.006134
1547	1649	1	0.007695
1548	1552	1	0.009172
1549	1557	1	0.006945
1550	1969	1	0.008374
1551	1871	1	0.008045
1554	1838	1	0.003785
1556	1771	1	0.001217
1557	1822	1	0.011514
1563	1890	1	0.009322
1564	1947	1	0.003554
1565	1696	1	0.002199
1565	1908	0.5	0.004885
1566	1812	1	0.007369
1567	1922	1	0.006394
1567	1959	1	0.008726
1568	1681	1	0.003488
1572	1927	1	0.00995
1575	1736	1	0.004139
1576	1665	1	0.002627
1580	1761	1	0.004166
1583	1702	0.5	0.005134
1584	1693	1	0.012704
1587	1916	1	0.008292
1589	1682	1	0.008224
1590	1767	1	0.005253
1600	1888	1	0.008404
1606	1804	1	0.008632
1606	1940	1	0.007744
1608	1874	1	0.002853
1609	1742	1	0.004772
1616	1889	1	0.00548
1619	1809	1	0.009861
1622	1773	1	0.004509
1625	1629	1	0.012557
1631	1780	1	0.005114
1632	1762	1	0.004225
1633	1764	1	0.001664
1634	1810	1	0.010731
1637	1753	1	0.005178
1637	1795	1	0.003691
1639	1851	1	0.008367
1644	1711	1	0.001874
1645	1895	1	0.004678
1647	1913	0.5	0.011042
1647	1968	1	0.004105
1650	1708	0.5	0.002684
1653	1834	1	0.003127
1657	1786	1	0.014619
1658	1788	1	0.00405
1667	1765	0.5	0.003233
1672	1726	1	0.002367
1674	1727	1	0.006342
1684	1730	1	0.004128
1685	1720	1	0.007141
1687	1909	1	0.003344
1691	1788	1	0.007465
1695	1974	1	0.015472
1711	1966	1	0.002978
1712	1884	1	0.003106
1715	1719	1	0.00825
1727	1979	1	0.000293
1728	1844	1	0.00263
1732	1857	1	0.005957
1732	1918	1	0.003739
1733	1896	1	0.004706
1735	1988	1	0.008084
1741	1899	1	0.008785
1750	1893	1	0.002919
1755	1940	1	0.009305
1768	1852	1	0.004171
1770	1898	1	0.008529
1773	1778	1	0.008956
1774	1941	1	0.008408
1774	1955	1	0.010115
1782	1962	1	0.006137
1783	1797	1	0.00444
1785	1846	1	0.001782
1786	1991	1	0.004353
1794	1848	1	0.004085
1796	1926	1	0.000774
1799	1825	0.5	0.009995
1799	1925	1	0.005385
1800	1986	1	0.001559
1802	1989	1	0.002877
1825	1862	1	0.006128
1831	1954	1	0.004653
1832	1914	1	0.008341
1837	1929	1	0.005978
1839	1978	1	0.005848
1870	1956	1	0.002538
1884	1954	0.5	0.006308
1903	1951	1	0.008824
1906	1980	1	0.003172
1913	1968	1	0.007382
1923	1926	1	0.006011
1929	1942	1	0.006837
1962	1990	1	0.007005
1976	1977	1	0.013983
