732
680
487
106
928
332
575
365
587
223
330
367
873
727
968
59
421
27
253
908
600
87
742
872
406
494
912
530
508
236
667
109
269
386
48
440
120
377
431
758
931
146
582
497
451
266
228
841
678
536
919
916
281
319
529
12
662
342
987
955
475
409
813
474
658
66
181
103
201
376
416
4
881
170
322
261
305
794
197
167
313
594
101
220
150
688
327
800
613
710
905
756
711
828
553
564
675
997
425
909
410
745
94
924
328
10
935
651
523
760
519
899
585
950
247
780
473
835
592
214
830
139
517
433
821
371
842
598
285
158
193
505
495
848
470
65
13
949
570
374
455
934
90
923
786
317
538
611
173
184
893
752
880
771
805
180
521
797
461
736
85
306
293
770
982
185
944
766
910
677
883
227
852
104
52
991
638
372
149
407
906
442
540
284
563
843
917
81
972
258
485
202
225
939
89
623
130
654
807
25
219
855
347
977
177
963
856
986
920
303
635
717
961
580
445
686
509
46
782
95
294
808
204
829
31
864
57
108
476
666
188
161
887
668
941
983
990
312
73
957
339
96
30
943
757
456
270
275
861
160
792
512
728
439
699
259
892
340
847
483
504
634
513
397
568
777
664
56
733
555
965
689
208
486
674
543
361
721
394
164
604
383
102
145
644
82
599
562
784
584
345
747
125
945
156
574
348
174
385
375
353
424
581
210
471
902
398
179
53
41
601
738
793
930
368
597
229
814
19
753
329
364
690
114
888
427
195
354
357
999
88
776
557
877
36
622
279
335
795
272
464
627
648
481
323
263
566
277
637
907
99
315
817
572
39
790
546
321
720
29
257
956
602
113
33
595
77
256
621
387
834
946
484
287
399
726
822
91
105
448
561
921
142
696
976
879
579
657
735
359
569
254
994
785
490
453
93
769
349
693
984
271
148
911
724
138
876
43
670
360
230
436
437
47
217
731
3
639
292
704
713
897
938
702
163
779
701
11
122
74
558
818
135
369
237
624
933
267
194
547
705
642
477
388
380
951
337
78
132
126
620
290
137
128
417
400
496
552
320
429
866
205
265
975
616
612
318
578
196
571
61
273
737
324
112
825
124
868
252
901
454
973
524
691
551
981
537
358
381
663
355
526
652
871
629
144
791
700
985
488
775
544
591
926
661
17
446
443
393
462
199
937
190
947
640
165
869
522
289
858
810
768
859
28
136
716
846
244
803
51
172
384
518
268
694
922
151
447
750
671
45
809
412
641
166
408
1000
870
687
117
152
974
382
577
71
169
503
469
685
110
341
246
857
472
134
16
50
615
405
824
40
84
420
588
68
463
806
1
996
514
343
617
603
632
741
15
773
153
865
24
549
650
390
404
379
940
831
75
264
278
890
802
900
748
428
815
751
506
708
942
34
918
969
422
238
515
532
850
92
832
276
718
216
673
444
2
458
331
63
836
401
762
827
489
714
500
441
649
929
980
744
5
886
898
681
878
607
352
954
765
222
452
310
682
734
520
630
14
849
839
851
480
554
979
157
162
596
781
695
959
6
740
993
20
507
231
534
32
118
373
154
679
249
499
234
363
23
450
468
605
565
844
9
140
42
719
798
192
492
37
62
55
415
971
788
992
665
58
396
131
215
845
213
449
541
528
502
672
936
625
703
115
295
72
141
232
761
698
107
819
812
527
628
224
64
262
560
314
299
754
248
655
21
567
789
764
763
18
171
559
460
221
239
26
325
626
434
226
123
336
338
419
49
187
198
833
608
978
548
76
583
121
882
647
155
351
904
684
796
411
967
914
304
948
311
491
326
334
709
889
707
127
989
778
610
98
69
633
438
542
54
743
459
960
811
426
840
260
430
67
932
413
896
243
362
366
391
755
392
79
730
206
60
725
531
251
958
884
676
240
35
282
356
297
465
302
799
291
683
964
435
862
44
378
493
772
966
874
853
533
927
606
804
913
706
129
550
70
242
759
501
478
525
403
863
186
38
22
953
669
250
316
660
389
159
970
175
176
233
962
820
816
539
860
344
418
296
100
498
307
182
402
510
723
203
774
280
133
838
995
301
83
80
589
147
895
867
414
801
783
432
545
915
423
207
119
885
767
309
300
826
573
646
288
200
749
988
535
712
466
875
746
350
715
739
482
274
729
116
183
837
593
308
178
7
395
586
659
998
286
86
211
787
97
619
511
516
618
891
346
218
209
235
636
245
143
370
191
590
614
894
692
854
653
298
457
643
333
645
168
903
189
576
479
722
656
697
467
283
823
241
111
556
952
8
212
631
925
609
255
